1 32767 0
-1991643855 -1991745839 -461158174
1230262512 369148103 -951582656
1075155137 -943241216 4196461
-30744 258405631 17439
1612742584 759715072 6299768
251167560 2011531592 -1195156222
0 1958774088 2025807348
-16752608 -2145447968 0
1612740792 759715072 6299768
66634056 1223002440 -1052196215
21512170 -120502064 -1017314699
186 -763017216 1214116980
2025834121 -16752608 -2145447966
0 408501632 1962934304
-1991748335 -8460059 -966918145
538461701 -1007484672 4202255
-935492792 8213 12066420
1207959552 343195781 504414037
-1991770016 1573978085 -33815
2035711 -35863 -1991748097
-327071515 272 -117077176
1207967767 566149769 -1090502634
4199971 -73752 -1920120577
-264 -191525560 1224736766
-17791603 -1991704577 371900358
12058688 -402653184 -344
-17265269 -1785987073 -268
-17779317 -1924595713 -61307
-947304193 189928 142984960
16777215 -352321536 -1920120753
-252 9801032 1224736767
-17005171 -1991704577 371900358
12058688 -402653184 -428
-16478837 -1785987073 -256
-16992885 -1924595713 -61307
-947304193 205288 142967552
33554431 -17267317 -2059796481
-248 -1924619396 -67443
-1785902849 -268 -259683000
1224736766 717211273 -1207943146
0 -133144 -124941313
-1946157058 -68459 -256537601
1224736766 -12548723 -1991704577
37021895 -2050555904 -244
0 -1924640789 -64371
-1785902849 -256 -58356408
1224736766 717211273 -1207943146
0 -154648 76385279
-1946157057 -65387 -55211009
1224736766 -12548723 -1991704577
40954055 -2055012352 -244
-125465855 973078526 -62331
1218673919 -9402995 -1924595713
-49003 -1920120577 -240
1221495112 1944635273 1207959554
1218463117 -12544627 -1924595713
-61299 -829863681 -389576376
824 -800748216 278236488
1224736767 -1991715191 67430599
-1924661248 -1991716795 115534023
-1924661248 -36731 -947304193
447464 1166886912 -947304288
444392 47104 -1010237440
-443987883 283935560 -1979941495
2105800821 661979644 -492159
1962934527 545373982 -2048393120
-1157627908 6299760 1612743102
122732288 -1847066560 -905969668
-1991748157 -16667 29294592
-402653184 -80 1213580125
-1991711351 -1991710595 -1958158219
9166917 1223705993 -1948236405
1166607424 1166756084 139496424
-532313272 17318027 -129660464
-263877816 1576555915 -1991748157
2106149093 1971931368 1166756064
-1996452896 -1958154171 1082908741
-196769532 -398095544 1208504459
-1948236405 -1037498304 1166659721
1166756088 -128611344 1213580125
-1991711351 -1991706499 -1958154123
277608517 -263877816 -1036451701
-1958209163 1351350341 1166755844
71338992 125157945 440
-1207571712 0 1213580125
-1991711351 -1991706499 -1958154123
277608517 -263877816 -1036451701
-1958210187 1351350341 1166755844
71338992 -1626357191 1209134016
-1946663541 1166755856 956337136
-1063317566 1213580125 -2092374647
-1991761684 1971976317 -262829580
1223445897 -1946663541 277476437
-129660088 -1980738165 -1958214576
1435236421 139495916 1223443851
-1203187613 0 178257920
2009217352 -796309489 1220542792
-1052192767 132842208 -4143288
1224736767 -303511671 1224736762
1224234379 1209025161 1224230283
1209028747 1224230283 1210077321
1224230283 1210077323 1224230283
-921153399 1213567171 -1991711351
1971976317 -262829580 1223445897
1224230283 1210073227 1208764557
1224234379 -1960818039 277476437
-1980738165 1435173968 139495916
1213580125 1213457801 1212738691
1222147465 1221621129 1221088649
-1949284981 -1958213552 1082902597
34376968 -800748728 1208242315
-1949284981 1166755888 -947304232
-67096 -532297729 0
14960071 -956301312 59461
-1958215680 -1957902267 -1958207424
-1958164411 -1958209464 -1958162363
-1958207408 -1958162363 -1958209424
-1958160315 -1958209472 -1991712643
-1962400644 2089412733 478679076
-947304412 299240 1435191296
1116293336 1166755872 1082869976
-1031190496 -666531000 406883144
1220684104 -1052192631 -1991769352
-1413986110 -1431655766 1219144362
-1983729905 1166756034 139495896
1166755984 -998029096 -1017291960
-443987883 -326940589 2106148936
1971931352 1435060432 1166756040
139496400 -934966456 -1928839029
-1958215156 1351340101 1166755844
1211141072 1222133131 401131401
-939524098 57413 1170669568
228 -398080256 0
-934966456 541100876 -934966456
407407432 -800748728 542149448
-800748728 410028872 -666531000
406883144 -528643256 612141384
-394425592 270826633 1210326152
1659422601 1207959557 1222137227
1210073737 1222133131 1210073227
-1958165879 -1958160315 692590656
-796309310 49856840 1220708680
-1431655496 -1431655766 -1357952854
1220708802 -1982315125 1217398864
1222133131 1531495555 1213580125
1463936393 1430345281 1213420609
12119169 -1991770112 -42819
-1249294081 -176 1222674760
-12024439 -1958150145 -44923
138972159 1350929224 -1946157057
-2054469616 -176 1208250507
1218463117 535349129 1224736765
-11500149 1082916863 1217939460
1224689805 1216368009 -2092382071
-1991769664 -53115 -2050537217
-200 0 1221101896
1208074371 -14645879 -951517185
-55163 255 -930527232
29393736 48283976 55610696
4280 -394049536 -805222399
4287 47616 -146276352
-1066710793 -1003927536 1222674760
1208205443 1208150209 1208148161
1216890249 -11500149 1082916863
1217939460 1224693901 1217420681
-2092377975 -1991704128 12534214
1207959552 -2092377975 -1991704128
12403140 1207959552 -2092377975
-1052245568 -1924660512 280494928
1207959552 1208084611 281006081
-1174405120 0 1224210248
1209057387 -1991719895 -1065137952
-389986301 -524204030 1166624770
-930527080 29393736 -2062250680
0 -2008708280 190
-947304448 -576536 -662091521
29393736 -2062250680 0
-1740272824 190 -947304448
-584728 -2054469377 -176
406883144 1887799624 -335544321
-2054469592 -144 1208238219
1216894347 344705123 21663114
-2007659704 210344008 -2054993790
-144 -2054469620 -176
541100872 1887779656 1979711487
1820706756 33554431 -352321536
1820691263 -1912602625 -1958150320
1665701957 -1878225966 -9665141
1351483391 1166756095 -765245304
26215563 1166756033 1821739928
1224736767 210358883 1820689296
33554431 1350929224 -1946157057
-2059729856 -148 -1958170753
-44923 1082870015 -2054600680
-136 -1958189589 -1958170499
-34683 72387583 -1740272824
-1949670584 1888323588 1300973569
-765245288 1217475721 -1991716765
-1073657648 1221591368 1208148161
-1958152191 -34667 74615807
2023066440 -1946157057 -1786034166
-136 -1995943285 71862576
1208504457 -8878717 1208811519
-11500149 -1958150145 994582592
-34683 1216837119 -12016245
-1958150145 -42875 1703758079
1547787224 1581342017 -1017290943
-443987883 552371016 -394426040
-398095544 1208502411 -1947712117
-1958214576 9168965 398444169
-1207943146 0 -689176
1166756095 1082869992 1166624792
1210772472 -1946663541 -1958213560
1351350341 1166755844 -1996452872
370655174 12058688 -402653184
-2744 -129662136 1166755852
1082869992 1161512992 -909609480
-1991748157 -2092411931 -1991755540
-1991710595 -1991712651 -1991714731
-1991454643 -437663675 1207959552
1221612939 1222657419 -1991715191
-111351609 -1065025537 -1958198412
-1924601787 -1991766960 -1991710635
1435191491 1116555472 1166624780
1166756048 1217218784 1300842508
-964081440 276663624 196072
-1047967744 -1991716727 138643723
35817 1435191296 1166756048
-695645984 -389576376 -1730
997507204 -398095544 206605640
-397047480 1220774216 1221608843
1208766605 1221612937 1209552269
-1991720311 2106411214 44623888
-1991770112 1221626305 1133054857
1211755272 1223181707 1208766605
1223185801 -1958165623 -1924603835
-1991766960 -1924603819 -1991763891
-829863742 276663624 159208
-1047967744 -1991716727 138643723
-532313272 -666551480 -1958211980
994627653 -2062563259 -253
-1958200853 -1924601787 -1991766960
-1991710635 1166756035 1351436512
1435060236 1301104864 -1031190504
1221495112 -401572467 538
-1983805112 193546448 1208501129
1222657419 1977107771 1211755453
1223181707 1208766605 1223185801
-1958165623 -1924607931 -1991766960
-1924607915 -1991763891 -829863742
276663624 120296 -1047967744
-1991716727 138643723 -800748728
-934986936 -1958167179 -2092373947
1566259396 -1991748157 -2092411931
-1991755540 -1991710595 -1991712651
-1991714731 -1991454643 -437663675
1207959552 1221612939 1222657419
-1991715191 -139925305 -1065025537
-1958198412 -1924601787 -1991766960
-1991710635 1435191491 1116555472
1166624780 1166756048 1217218784
1300842508 -964081440 276663624
99816 -1047967744 -1991716727
138643723 35817 1435191296
1166756048 -