2 1
1 2 1443

3 2
3 1 12196
1 2 11346

3 3
3 2 9358
2 1 12183
3 1 13286

4 6
4 2 11676
2 3 5905
3 1 465
4 3 6116
1 4 13247
1 2 15555

6 5
2 5 3934
5 6 2721
6 4 9793
4 3 4184
3 1 11160

6 6
5 6 11068
6 2 12085
2 3 7682
3 1 3742
1 4 15921
1 6 500

6 13
1 2 947
2 4 9693
4 3 6752
3 6 5891
6 5 4357
6 4 6129
1 3 6381
5 3 1030
1 6 1210
5 1 4973
4 5 12296
4 1 5160
2 3 3218

9 21
4 2 625
2 8 9145
8 3 12
3 5 8128
5 6 780
6 9 12447
9 7 1391
7 1 664
3 4 7104
3 7 10087
3 1 9794
5 1 7917
8 4 1194
2 9 3339
4 1 3549
6 4 3282
9 8 14454
1 8 4388
4 7 8128
5 7 3213
5 9 124

9 30
7 6 6661
6 2 8781
2 5 7390
5 1 1564
1 8 1541
8 9 14
9 3 7828
3 4 12116
8 2 392
4 2 1711
9 1 6509
2 3 9868
6 1 9256
3 5 1619
7 3 8970
5 7 15544
5 4 11078
2 9 3446
8 3 6481
9 7 16232
4 7 4014
1 4 11261
6 8 12996
8 7 7609
9 5 10141
9 6 9217
1 2 14719
6 5 1592
4 6 15631
2 7 12188

9 35
8 1 5688
1 2 4237
2 7 11872
7 9 11881
9 4 8694
4 6 11203
6 3 8879
3 5 15332
5 9 1414
2 9 4195
7 8 9721
7 1 10057
5 1 9356
7 3 10224
2 8 5366
9 8 6723
1 4 2499
6 1 5087
4 8 7790
3 9 3338
5 6 3961
7 6 2725
2 6 13016
8 3 3371
3 2 11780
2 4 6486
8 5 14402
7 5 9908
4 5 10
1 3 11935
8 6 15548
4 3 14735
1 9 10834
9 6 40
7 4 390
